0
182
1
181
2
181
3
182
4
182
5
182
6
182
7
182
8
180
9
178
10
179
11
179
12
181
13
180
14
181
15
181
16
180
17
180
18
180
19
180
20
180
21
181
22
180
23
181
24
181
25
181
26
173
27
173
28
173
29
174
30
178
31
179
32
180
33
181
34
180
35
181
36
180
37
181
38
181
39
181
40
181
41
181
42
181
43
181
44
181
45
181
46
182
47
181
48
181
49
181
50
181
51
179
52
170
53
174
54
178
55
178
56
179
57
179
58
180
59
180
60
180
61
180
62
181
63
181
64
181
65
180
66
180
67
181
68
180
69
180
70
180
71
180
72
180
73
181
74
181
75
181
76
176
77
179
78
180
79
180
80
181
81
181
82
181
83
181
84
180
85
181
86
181
87
181
88
181
89
181
90
181
91
181
92
181
93
181
94
181
95
181
96
181
97
182
98
182
99
182
100
182
101
182
102
182
103
180
104
173
105
179
106
181
107
181
108
181
109
181
110
181
111
181
112
181
113
181
114
181
115
181
116
181
117
181
118
181
119
181
120
181
121
181
122
181
123
182
124
182
125
181
126
182
127
182
128
181
129
182
130
182
131
182
132
182
133
182
134
182
135
182
136
180
137
179
138
180
139
180
140
179
141
179
142
179
143
179
144
180
145
180
146
179
147
179
148
179
149
179
150
180
151
179
152
179
153
180
154
181
155
181
156
180
157
169
158
172
159
174
160
177
161
179
162
179
163
179
164
179
165
179
166
179
167
180
168
180
169
180
170
180
171
180
172
180
173
180
174
179
175
179
176
179
177
180
178
180
179
181
180
181
181
181
182
173
183
179
184
178
185
179
186
180
187
179
188
179
189
180
190
180
191
180
192
180
193
180
194
179
195
179
196
179
197
179
198
180
199
180
200
180
201
179
202
179
203
179
204
179
205
179
206
179
207
179
208
180
209
180
210
180
211
180
212
181
213
181
214
181
215
165
216
162
217
167
218
170
219
174
220
174
221
175
222
175
223
176
224
176
225
174
226
175
227
176
228
176
229
177
230
177
231
177
232
179
233
178
234
178
235
179
236
179
237
180
238
149
239
170
240
171
241
174
242
179
243
179
244
179
245
179
246
179
247
179
248
179
249
180
250
180
251
179
252
180
253
179
254
178
255
178
256
178
257
179
258
179
259
179
260
179
261
180
262
179
263
179
264
180
265
180
266
180
267
180
268
180
269
180
270
180
271
180
272
180
273
180
274
173
275
169
276
173
277
175
278
175
279
176
280
177
281
177
282
177
283
178
284
178
285
178
286
179
287
179
288
179
289
179
290
179
291
178
292
179
293
179
294
179
295
179
296
179
297
179
298
179
299
179
300
179
301
179
302
179
303
180
304
180
305
180
306
180
307
171
308
170
309
172
310
171
311
173
312
174
313
176
314
176
315
175
316
176
317
177
318
176
319
176
320
176
321
177
322
177
323
176
324
177
325
178
326
177
327
177
328
178
329
177
330
177
331
178
332
178
333
178
334
179
335
179
336
179
337
176
338
173
339
172
340
174
341
174
342
175
343
175
344
175
345
176
346
176
347
176
348
176
349
176
350
177
351
177
352
177
353
176
354
176
355
176
356
176
357
177
358
177
359
177
