0
178
1
178
2
178
3
178
4
178
5
178
6
178
7
178
8
178
9
178
10
178
11
178
12
178
13
178
14
178
15
178
16
178
17
178
18
178
19
178
20
177
21
177
22
177
23
177
24
177
25
177
26
177
27
177
28
177
29
177
30
177
31
177
32
177
33
177
34
177
35
177
36
177
37
176
38
177
39
177
40
176
41
176
42
176
43
176
44
176
45
176
46
176
47
176
48
176
49
176
50
176
51
176
52
176
53
176
54
175
55
175
56
175
57
175
58
175
59
175
60
175
61
175
62
175
63
175
64
175
65
175
66
175
67
175
68
175
69
174
70
174
71
174
72
174
73
174
74
174
75
174
76
174
77
174
78
174
79
173
80
173
81
173
82
173
83
173
84
173
85
173
86
173
87
173
88
173
89
173
90
173
91
173
92
173
93
173
94
172
95
172
96
172
97
172
98
172
99
172
100
172
101
172
102
172
103
172
104
171
105
171
106
171
107
171
108
171
109
171
110
171
111
171
112
171
113
170
114
171
115
170
116
170
117
171
118
170
119
170
120
170
121
170
122
170
123
170
124
170
125
170
126
170
127
169
128
169
129
169
130
170
131
169
132
170
133
169
134
169
135
169
136
169
137
169
138
169
139
169
140
169
141
168
142
168
143
168
144
168
145
168
146
168
147
168
148
168
149
168
150
168
151
168
152
168
153
167
154
167
155
167
156
167
157
167
158
167
159
167
160
167
161
167
162
166
163
166
164
166
165
166
166
166
167
166
168
166
169
166
170
166
171
166
172
166
173
166
174
166
175
166
176
166
177
166
178
165
179
165
180
165
181
165
182
165
183
165
184
165
185
165
186
164
187
164
188
164
189
164
190
164
191
164
192
164
193
164
194
164
195
163
196
163
197
163
198
163
199
163
200
163
201
163
202
162
203
163
204
162
205
162
206
162
207
162
208
162
209
162
210
161
211
161
212
161
213
161
214
161
215
161
216
162
217
161
218
161
219
161
220
161
221
161
222
161
223
161
224
161
225
160
226
160
227
160
228
160
229
160
230
160
231
160
232
160
233
160
234
159
235
159
236
160
237
159
238
159
239
159
240
159
241
159
242
159
243
159
244
159
245
158
246
158
247
158
248
158
249
158
250
158
251
158
252
158
253
158
254
158
255
158
256
157
257
157
258
157
259
157
260
157
261
157
262
157
263
156
264
156
265
156
266
156
267
156
268
156
269
156
270
156
271
156
272
156
273
156
274
156
275
156
276
156
277
156
278
155
279
156
280
155
281
155
282
155
283
155
284
155
285
154
286
154
287
154
288
155
289
154
290
154
291
154
292
154
293
154
294
154
295
154
296
154
297
154
298
154
299
154
300
154
301
154
302
154
303
154
304
153
305
153
306
153
307
153
308
153
309
152
310
153
311
153
312
152
313
152
314
152
315
152
316
152
317
152
318
152
319
152
320
152
321
152
322
151
323
152
324
152
325
151
326
151
327
151
328
151
329
151
330
151
331
151
332
151
333
151
334
150
335
150
336
150
337
150
338
150
339
150
340
150
341
150
342
150
343
150
344
149
345
149
346
149
347
149
348
149
349
149
350
149
351
149
352
149
353
149
354
148
355
148
356
148
357
148
358
148
359
148
360
148
361
148
362
148
363
147
364
148
365
147
366
147
367
147
368
147
369
147
370
147
371
147
372
147
373
147
374
147
375
147
376
147
377
147
378
147
379
147
380
146
381
146
382
147
383
146
384
147
385
146
386
146
387
146
388
146
389
146
390
146
391
146
392
146
393
146
394
146
395
145
396
145
397
145
398
145
399
145
400
145
401
145
402
145
403
145
404
145
405
144
406
144
407
144
408
144
409
144
410
144
411
144
412
144
413
144
414
144
415
144
416
143
417
143
418
143
419
143
420
143
421
143
422
143
423
143
424
143
425
143
426
143
427
143
428
143
429
143
430
142
431
142
432
142
433
142
434
142
435
142
436
142
437
142
438
142
439
142
440
142
441
142
442
142
443
141
444
141
445
141
446
141
447
141
448
141
449
141
450
141
451
141
452
141
453
141
454
141
455
141
456
141
457
141
458
141
459
141
460
140
461
140
462
140
463
140
464
140
465
140
466
140
467
140
468
140
469
140
470
139
471
140
472
140
473
139
474
139
475
139
476
139
477
139
478
139
479
139
480
139
481
139
482
139
483
139
484
139
485
139
486
138
487
138
488
138
489
138
490
138
491
138
492
138
493
138
494
138
495
138
496
138
497
138
498
137
499
137
500
137
501
137
502
137
503
137
504
137
505
137
506
137
507
137
508
137
509
137
510
137
511
136
512
136
513
136
514
136
515
136
516
136
517
136
518
136
519
136
520
136
521
136
522
136
523
136
524
136
525
136
526
136
527
136
528
135
529
135
530
135
531
135
532
135
533
135
534
135
535
135
536
135
537
135
538
135
539
135
