0
156
1
156
2
156
3
156
4
156
5
156
6
155
7
155
8
155
9
155
10
155
11
155
12
155
13
155
14
155
15
155
16
155
17
155
18
155
19
155
20
154
21
154
22
154
23
155
24
155
25
154
26
154
27
155
28
155
29
155
30
116
31
100
32
119
33
134
34
140
35
144
36
148
37
150
38
147
39
150
40
151
41
150
42
150
43
150
44
152
45
152
46
153
47
150
48
151
49
151
50
150
51
152
52
152
53
153
54
153
55
153
56
153
57
153
58
153
59
153
60
153
61
153
62
153
63
29
64
40
65
58
66
93
67
118
68
120
69
141
70
138
71
140
72
146
73
147
74
149
75
148
76
147
77
149
78
147
79
149
80
147
81
148
82
148
83
148
84
150
85
150
86
149
87
151
88
150
89
150
90
150
91
150
92
150
93
151
94
151
95
151
96
151
97
152
98
152
99
152
100
152
101
50
102
52
103
84
104
102
105
123
106
122
107
124
108
125
109
133
110
139
111
138
112
141
113
142
114
145
115
25
116
80
117
101
118
96
119
99
120
112
121
118
122
128
123
123
124
133
125
138
126
135
127
132
128
137
129
141
130
142
131
145
132
142
133
144
134
147
135
149
136
150
137
150
138
151
139
150
140
151
141
151
142
151
143
151
144
151
145
152
146
151
147
151
148
151
149
151
150
151
151
151
152
151
153
150
154
150
155
150
156
150
157
151
158
151
159
151
160
151
161
151
162
151
163
151
164
151
165
150
166
151
167
150
168
150
169
150
170
150
171
150
172
149
173
149
174
149
175
149
176
148
177
148
178
148
179
148
180
148
181
148
182
149
183
148
184
149
185
149
186
149
187
149
188
149
189
149
190
149
191
149
192
149
193
149
194
149
195
149
196
149
197
149
198
149
199
149
200
149
201
149
202
150
203
149
204
150
205
149
206
149
207
149
208
149
209
149
210
148
211
149
212
148
213
148
214
148
215
149
216
148
217
148
218
148
219
148
220
148
221
148
222
148
223
147
224
147
225
148
226
148
227
147
228
147
229
147
230
147
231
147
232
147
233
147
234
148
235
147
236
148
237
148
238
148
239
148
240
148
241
148
242
148
243
148
244
146
245
147
246
147
247
147
248
148
249
147
250
148
251
147
252
147
253
147
254
148
255
147
256
148
257
148
