0
269
1
269
2
269
3
269
4
269
5
269
6
268
7
269
8
269
9
269
10
269
11
268
12
268
13
268
14
268
15
268
16
268
17
268
18
268
19
269
20
269
21
268
22
268
23
268
24
268
25
269
26
268
27
268
28
269
29
268
30
268
31
268
32
268
33
268
34
268
35
268
36
268
37
268
38
268
39
268
40
268
41
268
42
268
43
268
44
268
45
268
46
268
47
268
48
268
49
268
50
268
51
268
52
268
53
268
54
268
55
267
56
268
57
268
58
268
59
268
60
268
61
268
62
268
63
268
64
268
65
266
66
260
67
256
68
255
69
255
70
258
71
260
72
258
73
258
74
262
75
263
76
264
77
266
78
266
79
267
80
267
81
267
82
267
83
268
84
268
85
268
86
268
87
268
88
268
89
268
90
268
91
268
92
268
93
268
94
268
95
268
96
268
97
255
98
262
99
263
100
260
101
259
102
262
103
263
104
262
105
261
106
260
107
260
108
263
109
261
110
262
111
262
112
263
113
262
114
263
115
262
116
262
117
260
118
260
119
261
120
261
121
262
122
261
123
261
124
261
125
261
126
262
127
262
128
261
129
262
130
263
131
263
132
262
133
260
134
265
135
266
136
267
137
267
138
266
139
265
140
267
141
268
142
268
143
264
144
205
145
209
146
246
147
255
148
268
149
268
150
268
151
268
152
268
153
268
154
268
155
268
156
268
157
267
158
268
159
267
160
268
161
268
162
268
163
267
164
267
165
266
166
266
167
266
168
266
169
266
170
267
171
267
172
267
173
266
174
265
175
265
176
265
177
265
178
265
179
265
180
265
181
265
182
264
183
264
184
264
185
265
186
264
187
264
188
264
189
264
190
265
191
264
192
265
193
265
194
265
195
265
196
265
197
265
198
265
199
264
200
264
201
264
202
263
203
263
204
262
205
262
206
262
207
262
208
261
209
261
210
261
211
261
212
261
213
262
214
262
215
262
216
262
217
262
218
263
219
262
220
263
221
264
222
264
223
265
224
265
225
265
226
266
227
265
228
265
229
266
230
266
231
266
232
266
233
266
234
265
235
266
236
266
237
266
238
266
239
266
240
266
241
265
242
265
243
265
244
265
245
265
246
266
247
266
248
266
249
265
250
266
251
266
252
266
253
266
254
266
255
266
256
266
257
266
258
266
259
266
260
266
261
267
262
266
263
266
264
266
265
266
266
266
267
266
268
266
269
266
270
266
271
266
272
266
273
266
274
266
275
266
276
266
277
266
278
266
279
266
280
266
281
266
282
266
283
266
284
266
285
266
286
266
287
266
288
266
289
266
290
266
291
266
292
266
293
266
294
266
295
266
296
266
297
266
298
266
299
266
300
267
301
266
302
266
303
266
304
267
305
267
306
267
307
266
308
267
309
267
310
267
311
267
312
267
313
267
314
267
315
267
316
267
317
267
318
267
319
267
320
267
321
267
322
267
323
266
324
267
325
266
326
267
327
267
328
267
329
267
330
267
331
267
332
267
333
268
334
267
335
267
336
267
337
267
338
267
339
267
340
267
341
267
342
267
343
267
344
267
345
267
346
268
347
268
348
267
349
268
350
268
351
268
352
268
353
268
354
268
355
268
356
268
357
268
358
268
359
268
360
268
361
268
362
268
363
268
364
268
365
268
366
267
367
268
368
268
369
268
370
268
371
268
372
268
373
268
374
268
375
268
376
268
377
268
378
268
379
268
380
268
381
268
382
268
383
268
384
268
385
267
386
268
387
268
388
268
389
268
390
267
391
267
392
268
393
268
394
268
395
268
396
268
397
268
398
268
399
268
400
268
401
268
402
268
403
268
404
268
405
268
406
268
407
268
408
268
409
268
410
268
411
268
412
268
413
268
414
269
415
268
416
268
417
268
418
268
419
268
420
268
421
268
422
268
423
268
424
268
425
268
426
268
427
268
428
268
429
268
430
268
431
268
432
268
433
268
434
268
435
268
436
268
437
268
438
268
439
268
440
268
441
268
442
268
443
268
444
268
445
268
446
268
447
268
448
269
449
268
